0.000000 0.000000 -4339744477544448.000000 0.000000 20.000000 80.000000 20000.000000 100000.000000 0.010000 0.010000
0.000000 0.000000 0.000000 0.000000 20.000000 80.000000 20000.000000 100000.000000 0.010000 0.010000
0.000000 0.000000 0.000000 0.000000 20.000000 80.000000 20000.000000 100000.000000 0.010000 0.010000
0.000000 0.000000 -nan 0.000000 20.000000 80.000000 20000.000000 100000.000000 0.010000 0.010000
0.000000 0.000000 0.000000 0.000000 20.000000 80.000000 20000.000000 100000.000000 0.010000 0.010000
0.000000 0.000000 -282437089706250413801472.000000 0.000000 20.000000 80.000000 20000.000000 100000.000000 0.010000 0.010000
0.000000 0.000001 0.000000 0.000000 20.000000 80.000000 20000.000000 100000.000000 0.010000 0.010000
0.000000 0.000153 0.000000 0.000000 20.000000 80.000000 20000.000000 100000.000000 0.010000 0.010000
0.000000 0.000000 0.000001 0.000000 20.000000 80.000000 20000.000000 100000.000000 0.010000 0.010000
0.000000 0.000000 -0.000000 0.000000 20.000000 80.000000 20000.000000 100000.000000 0.010000 0.010000
0.000000 0.000001 0.000000 0.000000 20.000000 80.000000 20000.000000 100000.000000 0.010000 0.010000
0.000000 0.000153 0.000000 0.000000 20.000000 80.000000 20000.000000 100000.000000 0.010000 0.010000
0.000000 0.000000 0.000001 0.000000 20.000000 80.000000 20000.000000 100000.000000 0.010000 0.010000
0.000000 0.000000 0.000000 0.000000 20.000000 80.000000 20000.000000 100000.000000 0.010000 0.010000
