-0.2704595042024687 0.5169204532933876
-0.6203976731959792 0.1339521853676452
-0.09765454331617467 -0.4147311792604724
0.7242870577191397 -0.16065489354794205
-0.04751651368302143 0.539336893662252
0.9184135416591929 -0.17406709014935917
-0.481080459078368 0.4750738573486846
-0.10958758397546063 0.8689643555439681
-0.3138635931178912 -0.9407534857502176
-0.07152948071038435 0.5835422001591026
-0.039574172868118894 0.3867077544761996
0.7539465172668613 -0.24598650911765593
0.328918065775594 0.3605571273465787
-0.7528226708056228 0.43495413397858096
0.1935339780482172 -0.563059325561819
-0.432580261021393 0.09347123504575047
-0.2723016871036966 0.2723290952979833
-0.09379898216460696 -0.3402537099631251
-0.1591613498186796 -0.07954511213791923
-0.8153185466761508 0.11970812205946975
0.8397506309734116 -0.2509269309616869
0.09265710196794238 -0.9015983232021224
0.7323526002717402 -0.1748567116404819
0.7223617987581857 0.210981420022399
-0.526657267379517 0.07679028339121491
0.9138447458548796 -0.1258301677744472
0.7464967968690389 0.2895149660750344
-0.25345588485965226 -0.5646667623131668
0.0004627812658901066 -0.7539173919955768
-0.9455505903907393 0.06775569410686762
0.42983066259435326 0.6180143327698957
-0.3064267431633777 -0.5404469835833324
0.6740618861045425 0.47628583700286975
0.5669247309677794 -0.4938912123247801
-0.3300288589620688 0.8229883917164412
0.3361701400906504 -0.45955883684910415
0.15086760283750247 0.24125527522547613
0.22365141928033547 0.6247660558894302
0.8013860565758986 0.22049150744387663
-0.3065932834982128 0.08821489035013023
0.5022428291564867 0.20300234497971686
-0.18340714363201804 0.6803609001678782
0.6327787552313622 0.2713293178788987
0.2124970663565053 -0.3586736948212923
-0.251110312941238 0.5652139025083935
-0.2859329056865153 0.031013930629000493
0.1724242228925854 -0.2441135570654265
-0.4838894889702024 0.39721416888222466
-0.7628732184889033 0.3167816831773851
0.8429260155885497 0.30046171729568505
-0.5356272594589183 -0.509924137885781
-0.23144734515834195 0.6564983233484191
0.09758992416120751 0.2927836525401617
0.13222194780859778 0.8186280039627392
-0.3129219058925498 -0.9342687123995925
0.26868646538138485 0.8775192631708981
-0.043213473373739174 -0.8981344156108756
-0.8975063758205961 0.23880347688946163
-0.47458276330651233 0.7832447055574454
-0.3333967967989714 0.08254949570429376
-0.11269878851502747 -0.0004321887693654606
-0.8057626118593163 0.3470646720515905
0.5372865101611806 0.4651937483898529
0.5091597048933924 0.5147604342293953
-0.969151052707803 0.09071151280267715
0.3747501630733579 0.8439450158492878
-0.8306420703514953 -0.21557454290708755
-0.022683923249365055 -0.09777326568961413
0.480152436028425 -0.3624331830349249
0.08791680609373835 0.03005983686777522
-0.41863715264582874 0.421893217001264
-0.7645263417688775 0.4848503123047332
0.019628413743518324 -0.3345249679513147
0.06423771394792205 -0.970512362708631
-0.07406412214223707 -0.34586952060758414
-0.48140878608272586 -0.12602562616881155
-0.11556995139778103 -0.5604831752517521
-0.20184300289490897 0.933604609513817
0.9664288607117965 -0.23550807119783726
-0.8406922407816257 0.44308280980074566
-0.06816462536854477 0.46817111963145985
0.31899180610136385 -0.0013555368359508835
-0.5168119049759378 -0.08430178158437113
-0.9207764996220377 -0.3322584719987444
0.0423124674183693 0.4809644840680927
-0.7656850864843608 -0.19051313152282506
-0.047798205106106065 0.12618051913325043
0.2233749701856719 0.6659508191964312
-0.4047453998235826 -0.22219593048063319
-0.31729343862179443 0.08995089041482586
-0.47157959790624465 0.7566312753643903
-0.7874666175353985 0.23872287882938756
0.7876369491377998 -0.5996476254740066
0.8015406241592007 0.45904294730120404
-0.5272546697389912 -0.6365790929265057
-0.3110037654221152 0.7933561857760905
0.4366835870022602 0.7592743132246063
-0.1213634153181521 -0.31915975998945356
0.5273617662094161 0.42098135357731153
-0.014334513820159366 -0.5848409165703029
-0.4334096013535955 -0.7735033268753735
0.892974839880393 -0.3030639401974169
-0.5387420007417764 0.7742338329602347
0.5713644125314521 0.1610783142116174
-0.13804954975274375 0.9307986588870948
0.922626946644272 -0.31325294250421065
0.44432012474558646 -0.710133307925412
0.7166570934552022 -0.299815192207509
-0.11129659679912733 0.3234451388031165
0.0771217266950836 -0.2982360621363599
-0.21083466276475582 -0.34780789417426644
0.691417419559897 -0.6235163863931875
-0.274381774018165 0.8900750710370818
0.28860785893275465 0.634381390933702
0.35878689905901073 0.9232416752173405
-0.1952721695241953 -0.108761298896716
0.6520289757726347 -0.08161544434779616
0.8368757488312855 -0.15566515854635665
-0.7516281678953922 0.544871530603261
0.23736402268482337 -0.45414362088402616
0.445778228288522 -0.30885690992250775
-0.28491254812274813 0.8810035002654272
0.7713105590448478 0.5946716244570285
0.6472288385538292 -0.5003262974305238
-0.11579943095529263 0.10149014058656058
0.6550246724870245 0.10908290553949561
0.30132051435644214 0.41261360121510277
-0.05950457891070044 -0.2841232257217965